8
2.959139768995959E-04
0.0 0.0 0.0
0.0 0.0 0.0
 7.24345628644e-10
-0.693951202023 -0.182643579811 0.0375608061467
0.00518233758707 -0.0196811168458 -0.000568093076291
8.88753856795e-10
0.0387832454389 0.982563100909 8.4755030861e-07
-0.0174785584483 0.00067010083183 -2.40495920512e-09
9.5494572852e-11
-1.12035916172 -1.21658879349 0.00207052069217
0.00972572650436 -0.00829884956402 -0.000413094846423
2.82474705462e-07
1.62434139969 -5.20489140538 -0.0146585065092
0.00687832791055 0.0020939098203 -0.000162815858788
8.4576187896e-08
-8.99863126078 -0.888265541957 0.372974046146
0.000684223373309 -0.00582265534443 7.44279886979e-05
1.29188735613e-08
-18.5109745116 -2.47015972059 0.230355780211
0.000688017982898 -0.00397441820858 -2.34117402284e-05
1.52403510768e-08
30.2053999268 2.57768392943 -0.749346295914
-0.000269690932343 0.00309835663824 -5.747275507e-05
